word,,adding,sending,waiting,updating,setting,invalid,failed,start,ignoring,could,exception,error,removing,not,caught,got,found,using,starting,cannot,unable,creating,unexpected,received,created,no
,1.0000000000000002,0.08015555259559456,0.47834578142769635,0.0561256474497027,-0.11132175140743698,0.30804801192271947,0.7443487662872514,0.6950641733927712,-0.5482380695163853,0.7640596051237435,0.6841869712813619,0.6253023351050996,0.6560728587292697,0.23594197921001017,0.59191365909263,0.6176718359260208,0.9509408306682517,0.33093879227107775,0.46768736868379823,-0.09613439750765569,0.7658785848230931,0.7226206017509121,0.2960855590510993,0.6582681015464155,0.61799618441352,0.6827141575061884,0.3636385323567661
adding,0.08015555259559456,1.0,0.6105114559672163,-0.2946486997437636,0.34639990794240516,0.7731536300279878,-0.2655957895485261,-0.5014752054081191,-0.021391497004974364,0.2000648622932727,-0.5031208108653211,-0.5441550825725869,-0.5756244376494851,0.802054092374173,0.38469269424642516,-0.6087398396605666,-0.07590330779985212,0.6616325028313056,0.6678226968995498,0.2574661251464262,-0.2946170513032673,-0.38708889979316335,0.6640056345536283,-0.5250652753278077,0.6770522252173462,0.5984808548283169,0.5746489297177794
sending,0.47834578142769635,0.6105114559672163,1.0,0.4150480441451004,-0.04588660728217908,0.5358931510859156,-0.13651845569949364,-0.18948090073411175,-0.17835018069118064,0.22422116172561826,-0.25161874841854703,-0.21254332747912655,-0.2203813877183304,0.5102710422744143,0.3528538951438861,-0.25078556658870155,0.40436529672266,0.3987902129373816,0.6350882153093544,0.49394936835827913,-0.1378702007897656,-0.20499511877671692,0.8338891338281065,-0.18948317741156362,0.6521677704585265,0.9374063454569892,0.24375353542324477
waiting,0.0561256474497027,-0.2946486997437636,0.4150480441451004,1.0000000000000002,-0.45280441184376136,-0.23226102483656305,-0.27423827188958,-0.03557508649848938,0.24422727833059096,-0.22837552875957048,-0.1146665314006558,0.01889549530750142,0.021603814639778153,-0.33098290799437435,-0.1770261391336839,0.0290725196639756,0.11979524778018165,-0.4242033102852567,-0.06999231548886013,0.3335951147526743,-0.23093326450102747,-0.20978467643220022,0.2855769078361296,-0.00237878282949145,-0.1905692029464993,0.2775601255315191,-0.5218302164921097
updating,-0.11132175140743698,0.34639990794240516,-0.04588660728217908,-0.45280441184376136,1.0000000000000002,0.4294596620293186,-0.21838806366615596,-0.18504940921106228,-0.13378011481279536,-0.1997627678725222,-0.23355419067643043,-0.13815083918536983,-0.19950107611635998,0.6807240591561061,-0.16326628999211343,-0.18443198934208838,-0.1607958745333085,-0.17121894365918156,-0.13753726978683972,0.22700677766711072,-0.2501239901741009,-0.20400581776307952,-0.17382467365905233,-0.0845855722323306,0.48780201912192733,-0.06511156658093221,-0.11058911987616137
setting,0.30804801192271947,0.7731536300279878,0.5358931510859156,-0.23226102483656305,0.4294596620293186,1.0,0.058319418550159555,-0.30407151426616924,-0.32477133451009144,0.4976807515971073,-0.28082324152841587,-0.37557656181263177,-0.39086715614358836,0.8741227348017299,0.7137358506605394,-0.423674036417218,0.20333031753062927,0.5247380340209157,0.8088813808043196,0.19249561808908483,-0.01192959029939025,-0.15745075825262594,0.47330857989772185,-0.32958989499456554,0.8569294376681067,0.5263874344354249,0.6384330453585079
invalid,0.7443487662872514,-0.2655957895485261,-0.13651845569949364,-0.27423827188958,-0.21838806366615596,0.058319418550159555,1.0,0.8404458951298998,-0.5345560469569216,0.7773908575653063,0.8642387387487074,0.7693064477384585,0.7532675160897857,-0.04555097438598897,0.5937677516109255,0.72797859626592,0.7231479583025863,0.3010185918544142,0.2628360916922923,-0.48073971373604085,0.9696426406756568,0.9531072277363061,-0.21394388794869443,0.770130722525244,0.24813897171892654,0.11210996161368952,0.4696239676068329
failed,0.6950641733927712,-0.5014752054081191,-0.18948090073411175,-0.03557508649848938,-0.18504940921106228,-0.30407151426616924,0.8404458951298998,1.0,-0.38654754603482644,0.5009701028324873,0.9713224705683428,0.9851969891645929,0.9723783567399038,-0.23562935326067064,0.14011750910491166,0.9668434502869562,0.7292419547246214,-0.045674522831236866,-0.16774958822402677,-0.37423237613221244,0.8928545848468036,0.9585037389430979,-0.3505794774814294,0.9858500632725383,0.04113083703142377,0.051468816569648246,0.0012496816076860704
start,-0.5482380695163853,-0.021391497004974364,-0.17835018069118064,0.24422727833059096,-0.13378011481279536,-0.32477133451009144,-0.5345560469569216,-0.38654754603482644,1.0,-0.606764440473291,-0.4574984659247328,-0.3042344252176602,-0.3666565121630369,-0.33746923911222226,-0.490129183584578,-0.3627853045367014,-0.6720030348697721,-0.42469739293874276,-0.23646224080792871,0.34122787229527074,-0.5651244024384666,-0.44487301693707293,0.2506999519720639,-0.33112105869423264,-0.36699271546533335,-0.16590528515679595,-0.41481157153729914
ignoring,0.7640596051237435,0.2000648622932727,0.22422116172561826,-0.22837552875957048,-0.1997627678725222,0.4976807515971073,0.7773908575653063,0.5009701028324873,-0.606764440473291,0.9999999999999998,0.5943157132652621,0.36547966109341967,0.43806026312706553,0.2912914499521984,0.8564024234574453,0.39842393938251586,0.7617409185798042,0.6369398050232723,0.6623152847916124,-0.35879929743438965,0.8032866610990108,0.642219597769759,0.13462639631778742,0.3921722236658179,0.4999334854355992,0.40152477209128273,0.7445043939203676
could,0.6841869712813619,-0.5031208108653211,-0.25161874841854703,-0.1146665314006558,-0.23355419067643043,-0.28082324152841587,0.8642387387487074,0.9713224705683428,-0.4574984659247328,0.5943157132652621,1.0000000000000002,0.9230773628803824,0.9727579827409599,-0.27894535945848337,0.21271877663456457,0.9644365874685833,0.7485150949742216,0.02144309812971835,-0.1312751053984447,-0.48587302865995624,0.9392326977418761,0.954031358483679,-0.3882096706376093,0.9312010066073754,-0.007699167715593835,-0.011471270681654508,0.08211548121743117
exception,0.6253023351050996,-0.5441550825725869,-0.21254332747912655,0.01889549530750142,-0.13815083918536983,-0.37557656181263177,0.7693064477384585,0.9851969891645929,-0.3042344252176602,0.36547966109341967,0.9230773628803824,1.0,0.951945379841761,-0.25698065599554615,0.02180110997709508,0.9521553986299388,0.6485160962224753,-0.15623474856975209,-0.27159210213403884,-0.32602523051623344,0.8114834533075043,0.9171546030046385,-0.38272605866398235,0.9925356862519319,-0.0006677600487346183,0.014946744914447644,-0.12077271527682691
error,0.6560728587292697,-0.5756244376494851,-0.2203813877183304,0.021603814639778153,-0.19950107611635998,-0.39086715614358836,0.7532675160897857,0.9723783567399038,-0.3666565121630369,0.43806026312706553,0.9727579827409599,0.951945379841761,1.0000000000000002,-0.3397646012882867,0.036054142662003894,0.9979285642862658,0.7269576852417876,-0.15443808733158004,-0.2725157017686225,-0.3782435565920596,0.8438056284442664,0.8952537027779394,-0.37714948790867614,0.9625648822829183,-0.05405956418872645,0.003101767933580935,-0.12895608197634753
removing,0.23594197921001017,0.802054092374173,0.5102710422744143,-0.33098290799437435,0.6807240591561061,0.8741227348017299,-0.04555097438598897,-0.23562935326067064,-0.33746923911222226,0.2912914499521984,-0.27894535945848337,-0.25698065599554615,-0.3397646012882867,1.0000000000000002,0.40614890721337193,-0.3552428487314626,0.14194449232400874,0.46830047198502384,0.5450205960643139,0.3019497038927586,-0.09248744358725708,-0.15794377800695572,0.33515263016319496,-0.21179443501300238,0.8643009763620846,0.4915309079986299,0.47180869464065534
not,0.59191365909263,0.38469269424642516,0.3528538951438861,-0.1770261391336839,-0.16326628999211343,0.7137358506605394,0.5937677516109255,0.14011750910491166,-0.490129183584578,0.8564024234574453,0.21271877663456457,0.02180110997709508,0.036054142662003894,0.40614890721337193,0.9999999999999998,-0.011832351423719335,0.5071630911621301,0.6644944459059384,0.8768351064263821,-0.27245664986692497,0.5183262485576261,0.3529043613090725,0.33249804163898067,0.028946505175420533,0.5924521793083163,0.4526877241837739,0.8392031058079161
caught,0.6176718359260208,-0.6087398396605666,-0.25078556658870155,0.0290725196639756,-0.18443198934208838,-0.423674036417218,0.72797859626592,0.9668434502869562,-0.3627853045367014,0.39842393938251586,0.9644365874685833,0.9521553986299388,0.9979285642862658,-0.3552428487314626,-0.011832351423719335,1.0000000000000002,0.7018109999264106,-0.19059231360954323,-0.32268460077343725,-0.3668538422370776,0.8216765423606325,0.8789552261995927,-0.42047528806176115,0.962884832569778,-0.08903220061738862,-0.03976403452743949,-0.1703078951566971
got,0.9509408306682517,-0.07590330779985212,0.40436529672266,0.11979524778018165,-0.1607958745333085,0.20333031753062927,0.7231479583025863,0.7292419547246214,-0.6720030348697721,0.7617409185798042,0.7485150949742216,0.6485160962224753,0.7269576852417876,0.14194449232400874,0.5071630911621301,0.7018109999264106,1.0,0.2726908194849961,0.3414829376186404,-0.11385029417202018,0.7896122193324834,0.7176448950710825,0.13081237534332704,0.6908698835477469,0.47767762692465204,0.555344551654307,0.27435708856362545
found,0.33093879227107775,0.6616325028313056,0.3987902129373816,-0.4242033102852567,-0.17121894365918156,0.5247380340209157,0.3010185918544142,-0.045674522831236866,-0.42469739293874276,0.6369398050232723,0.02144309812971835,-0.15623474856975209,-0.15443808733158004,0.46830047198502384,0.6644944459059384,-0.19059231360954323,0.2726908194849961,1.0,0.7285243100494077,-0.18211601693147186,0.28902704275840263,0.14545192616117542,0.381599173682097,-0.16189939450681795,0.42704316767073386,0.4543841472629326,0.9192373969585441
using,0.46768736868379823,0.6678226968995498,0.6350882153093544,-0.06999231548886013,-0.13753726978683972,0.8088813808043196,0.2628360916922923,-0.16774958822402677,-0.23646224080792871,0.6623152847916124,-0.1312751053984447,-0.27159210213403884,-0.2725157017686225,0.5450205960643139,0.8768351064263821,-0.32268460077343725,0.3414829376186404,0.7285243100494077,1.0,0.1311893573864582,0.18004109446090846,0.023960358718280547,0.7007417715926081,-0.25110363586120016,0.6976551258469674,0.6829479342057961,0.8197243476225494
starting,-0.09613439750765569,0.2574661251464262,0.49394936835827913,0.3335951147526743,0.22700677766711072,0.19249561808908483,-0.48073971373604085,-0.37423237613221244,0.34122787229527074,-0.35879929743438965,-0.48587302865995624,-0.32602523051623344,-0.3782435565920596,0.3019497038927586,-0.27245664986692497,-0.3668538422370776,-0.11385029417202018,-0.18211601693147186,0.1311893573864582,1.0,-0.520381724292298,-0.46882618290949585,0.5269946502992557,-0.2637259766695593,0.3201977364979905,0.3836291242805216,-0.23538512552543975
cannot,0.7658785848230931,-0.2946170513032673,-0.1378702007897656,-0.23093326450102747,-0.2501239901741009,-0.01192959029939025,0.9696426406756568,0.8928545848468036,-0.5651244024384666,0.8032866610990108,0.9392326977418761,0.8114834533075043,0.8438056284442664,-0.09248744358725708,0.5183262485576261,0.8216765423606325,0.7896122193324834,0.28902704275840263,0.18004109446090846,-0.520381724292298,0.9999999999999998,0.9638927924653938,-0.25248811526512177,0.8185262036084301,0.18344654947054692,0.10981560833589427,0.40046793763401084
unable,0.7226206017509121,-0.38708889979316335,-0.20499511877671692,-0.20978467643220022,-0.20400581776307952,-0.15745075825262594,0.9531072277363061,0.9585037389430979,-0.44487301693707293,0.642219597769759,0.954031358483679,0.9171546030046385,0.8952537027779394,-0.15794377800695572,0.3529043613090725,0.8789552261995927,0.7176448950710825,0.14545192616117542,0.023960358718280547,-0.46882618290949585,0.9638927924653938,0.9999999999999998,-0.3046448829567363,0.9138912182837328,0.12740415027928947,0.06264697165161524,0.25046690318456194
creating,0.2960855590510993,0.6640056345536283,0.8338891338281065,0.2855769078361296,-0.17382467365905233,0.47330857989772185,-0.21394388794869443,-0.3505794774814294,0.2506999519720639,0.13462639631778742,-0.3882096706376093,-0.38272605866398235,-0.37714948790867614,0.33515263016319496,0.33249804163898067,-0.42047528806176115,0.13081237534332704,0.381599173682097,0.7007417715926081,0.5269946502992557,-0.25248811526512177,-0.3046448829567363,1.0,-0.3628915681083639,0.5299012369344598,0.8481222558179673,0.3072467311027022
unexpected,0.6582681015464155,-0.5250652753278077,-0.18948317741156362,-0.00237878282949145,-0.0845855722323306,-0.32958989499456554,0.770130722525244,0.9858500632725383,-0.33112105869423264,0.3921722236658179,0.9312010066073754,0.9925356862519319,0.9625648822829183,-0.21179443501300238,0.028946505175420533,0.962884832569778,0.6908698835477469,-0.16189939450681795,-0.25110363586120016,-0.2637259766695593,0.8185262036084301,0.9138912182837328,-0.3628915681083639,1.0000000000000002,0.05696013669107316,0.04087832920980584,-0.1171926810020473
received,0.61799618441352,0.6770522252173462,0.6521677704585265,-0.1905692029464993,0.48780201912192733,0.8569294376681067,0.24813897171892654,0.04113083703142377,-0.36699271546533335,0.4999334854355992,-0.007699167715593835,-0.0006677600487346183,-0.05405956418872645,0.8643009763620846,0.5924521793083163,-0.08903220061738862,0.47767762692465204,0.42704316767073386,0.6976551258469674,0.3201977364979905,0.18344654947054692,0.12740415027928947,0.5299012369344598,0.05696013669107316,1.0,0.738871257993477,0.49841879440361186
created,0.6827141575061884,0.5984808548283169,0.9374063454569892,0.2775601255315191,-0.06511156658093221,0.5263874344354249,0.11210996161368952,0.051468816569648246,-0.16590528515679595,0.40152477209128273,-0.011471270681654508,0.014946744914447644,0.003101767933580935,0.4915309079986299,0.4526877241837739,-0.03976403452743949,0.555344551654307,0.4543841472629326,0.6829479342057961,0.3836291242805216,0.10981560833589427,0.06264697165161524,0.8481222558179673,0.04087832920980584,0.738871257993477,0.9999999999999999,0.34464100166804285
no,0.3636385323567661,0.5746489297177794,0.24375353542324477,-0.5218302164921097,-0.11058911987616137,0.6384330453585079,0.4696239676068329,0.0012496816076860704,-0.41481157153729914,0.7445043939203676,0.08211548121743117,-0.12077271527682691,-0.12895608197634753,0.47180869464065534,0.8392031058079161,-0.1703078951566971,0.27435708856362545,0.9192373969585441,0.8197243476225494,-0.23538512552543975,0.40046793763401084,0.25046690318456194,0.3072467311027022,-0.1171926810020473,0.49841879440361186,0.34464100166804285,0.9999999999999998
